0, -0.497138 -8.792358 -0.08083 -0.730013 1.612003 -0.037084 0.099529 0.038257 0.066666 0.081223 0.066499 0.07857 0.053377 0.057021 0.057053 0.069627 0.075178 0.042038 0.132082 0.108601 0.024745 0.108935 0.038128 0.019473 0.099291 0.096427 0.040614 0.017181 0.025305 -0.010202 -0.013875 -7.2839 9.832592 -0.730583 -1.108249;
1, -0.527492 -4.524231 -0.123904 -0.917803 0.842069 -0.065019 0.08828 0.056533 0.102618 0.13661 0.153554 0.157122 0.106626 0.091516 0.062287 0.072236 0.120579 0.068734 0.055204 0.131493 0.054702 0.18878 0.057386 0.084939 0.147949 0.089318 0.067351 0.146137 0.062053 -0.004032 0.165317 -6.357524 5.161759 -0.434738 -0.573622;
2, -0.346623 -3.214516 1.332213 -0.599109 -0.005309 -0.04412 0.031945 0.037348 0.041486 0.057301 0.043358 0.043393 0.037579 -0.019357 -0.031175 -0.053303 0.000162 0.045932 0.148418 0.080065 0.127786 0.176866 0.077017 0.044248 0.101562 0.177665 0.090052 0.111235 0.167603 0.04477 0.01981 -1.327646 4.291219 -0.161012 0.194545;
3, 2.584892 -1.826671 0.308657 -0.478632 -0.059355 -0.003635 0.053025 0.011039 0.013607 0.025802 0.030491 0.02876 0.015222 -0.006788 -0.02284 -0.031379 0.003243 0.013971 0.0787 0.050248 0.039444 0.051426 0.020222 0.011179 0.039145 0.041113 0.018631 0.047703 0.061944 0.017669 0.028111 -0.475232 2.451985 -0.427493 -0.393322;
4, 13.670877 -0.258615 1.193898 1.380889 0.283358 0.051823 0.011634 0.020851 -0.021977 0.001554 0.0087 -0.044396 -0.002144 -0.017205 -0.010897 -0.043701 0.048351 0.012931 -0.036154 0.084101 0.016891 0.025665 0.000293 -0.0027 0.022896 0.098791 0.181393 0.142904 0.108926 0.113399 0.025936 0.202357 -0.221733 -0.557844 -0.559836;
5, 3.821632 0.022553 1.095209 2.333272 0.34517 0.052453 -0.026295 -0.024256 -0.019034 -0.001377 -0.004179 -0.021819 -0.004065 -0.048483 -0.017823 -0.043912 -0.030971 -0.00394 0.019219 0.001595 0.023726 -0.01696 0.032945 -0.012802 0.04093 0.032105 0.012561 0.047503 0.031077 0.038282 0.022028 0.35057 -0.235623 -0.122032 0.023139;
6, 2.922977 0.923892 1.905021 0.749452 0.752662 0.005677 -0.006453 -0.040881 -0.036114 -0.033604 -0.061421 -0.035447 -0.062444 -0.060967 -0.002369 0.017594 -0.037139 -0.010235 0.194426 0.23018 0.153001 0.222646 0.155465 0.148637 0.216248 0.172796 0.102602 0.097487 0.049849 0.215372 0.091366 0.118032 0.492735 0.459692 1.232329;
7, 1.373294 0.033039 1.562958 1.986675 0.800533 -0.054648 -0.046091 -0.022231 -0.0475 0.0497 0.001209 0.032177 0.040774 0.030947 0.059961 -0.007425 0.00466 0.008445 0.007629 -0.00999 0.045479 0.021355 0.045112 0.047256 0.038033 0.049348 0.050998 0.058545 0.099017 0.084682 0.077494 0.263899 -0.260396 0.173017 0.511164;
8, -0.015047 -0.50959 2.195738 1.76024 0.194226 0.0576 -0.003829 -0.064513 -0.062859 -0.014634 -0.002361 -0.025525 -0.023366 0.020066 0.019827 0.016398 -0.014472 0.003261 -0.035142 0.040197 0.160967 0.069444 0.072734 0.057064 0.054851 0.04504 0.035329 0.026817 0.055143 0.055974 0.063176 0.283136 -0.050431 -0.279849 -0.353595;
9, -0.309596 -0.627874 0.503948 1.964409 1.371548 0.0349 0.018981 -0.018139 -0.037003 -0.035612 -0.041023 -0.051538 -0.056556 -0.055398 -0.045373 -0.038364 -0.006086 -0.007628 -0.066877 -0.010111 -0.051835 -0.024791 -0.060993 -0.046022 -0.047631 -0.059559 -0.04153 -0.019085 -0.017148 -0.017211 -0.02461 0.404893 -0.321565 -0.525258 -0.709071;
10, -0.22221 -0.259396 1.361347 2.165783 2.394842 -0.023747 0.005831 -0.042016 -0.038751 -0.055278 -0.070557 -0.075183 -0.052318 -0.033592 -0.008817 -0.003626 -0.025755 -0.00931 -0.025184 -0.033305 -0.016168 -0.000853 -0.010035 0.004163 -0.023913 -0.007323 0.007096 0.030051 0.035428 0.031346 0.005437 0.40437 -0.357733 -0.323925 -0.213836;
11, 0.615196 -0.430186 2.626239 2.360959 2.624609 0.030416 -0.094366 -0.044298 -0.015513 -0.032541 0.023032 0.059374 0.053595 -0.063871 -0.078212 -0.101376 -0.00477 0.05759 -0.027557 -0.032036 0.093463 -0.020899 -0.035219 -0.011895 0.008903 0.055387 0.075707 0.08019 0.07192 0.016913 0.045531 0.373469 -0.350973 0.408334 0.499335;
12, -0.392428 -0.287799 1.799786 2.829515 3.070141 -0.109745 -0.080373 0.015017 -0.046136 0.015158 -0.027662 -0.011494 -0.045214 -0.025884 -0.0362 -0.023167 0.021683 0.031114 -0.022674 0.010179 -0.004423 0.014263 -0.02066 0.000188 -0.020315 -0.016693 0.000537 -0.055729 0.025067 -0.009623 -0.000594 0.371358 -0.37408 1.337438 1.667858;
13, -0.54666 -5.887413 -0.915867 -0.792987 0.912632 -0.031826 0.120885 0.048715 0.08912 0.090702 0.10065 0.120155 0.08721 0.09869 0.099972 0.110476 0.11512 0.06078 0.092063 0.05883 -0.005831 0.070217 0.070866 0.010825 0.109424 0.169335 -0.00052 -0.025673 -0.014889 -0.068616 -0.019839 -9.096837 6.833377 -0.721926 -1.145673;
14, -0.502813 -3.626616 -1.003445 -1.178576 -0.188685 -0.019446 0.098182 0.035156 0.061879 0.067092 0.112338 0.116408 0.071916 0.102423 0.067278 0.034514 0.061093 0.014945 0.079286 -0.030649 -0.039286 0.004103 -0.009121 -0.019166 -0.022747 -0.040934 -0.012046 -0.023022 0.030024 0.012922 -0.026693 -3.215655 4.384242 -0.678463 -1.03681;
15, -0.177248 -2.227652 0.14186 -0.992983 0.417204 -0.031967 0.044877 -0.00444 -0.001865 0.008333 0.015979 0.022579 0.002915 -0.015455 -0.019806 -0.014991 0.011641 0.018321 0.147811 0.039415 0.031098 0.023843 0.038165 0.013361 0.046064 0.002307 -0.007494 0.023013 0.011394 -0.005578 0.012919 -0.33646 3.49585 -0.443195 -0.498649;
16, 0.331683 -1.766808 0.487247 0.333428 0.937703 0.018602 0.006109 0.053441 0.020751 0.004361 0.079251 0.086584 0.038646 0.051247 0.03599 0.027909 0.001815 0.017065 -0.006175 0.14609 0.035102 0.106805 0.061235 0.070462 0.020383 0.059924 0.038189 0.044849 0.065432 0.051163 0.030645 -1.228129 1.887859 -0.270761 0.244282;
17, 7.390648 -0.186763 -0.450725 0.27265 -1.060118 0.098501 0.10981 -0.024629 0.015398 0.010469 0.00584 0.009197 -0.020377 -0.015541 -0.050407 -0.047446 -0.032522 -0.034755 -0.022753 0.028739 -0.022656 -0.015018 -0.055404 -0.016494 -0.012483 -0.008435 -0.026696 -0.000312 0.022995 0.010527 0.03053 0.133748 -0.173144 -0.594719 -0.817178;
18, 4.164155 -0.016585 0.417377 0.494672 -0.497935 0.062082 0.046884 -0.027952 -0.017055 0.005886 -0.026658 -0.028392 -0.02648 -0.00642 -0.020788 -0.04511 -0.045425 -0.037088 -0.01789 0.113666 -0.001069 -0.003583 0.023638 0.01763 0.013807 0.04156 0.061665 0.089685 0.081084 0.050703 0.060456 0.249344 -0.190955 -0.489658 -0.639401;
19, 2.06789 0.896398 0.901272 0.140841 0.322091 0.058677 0.070448 -0.047673 -0.072281 -0.049557 -0.035123 -0.063395 -0.049056 -0.017273 -0.046794 -0.014389 -0.026715 -0.052723 0.066054 0.125827 0.074055 0.044634 0.05607 0.070946 0.054398 0.029032 0.01042 0.031853 0.02274 0.015913 0.024381 0.401132 -0.29941 -0.380722 -0.412793;
20, 1.239272 0.147493 1.453995 0.841413 -0.145337 0.025057 -0.006096 -0.018054 -0.038922 -0.036133 -0.040345 -0.064488 0.003834 -0.003918 0.036829 0.022516 -0.022153 0.001024 0.030043 0.088578 0.087197 0.026151 0.008821 0.00294 0.024265 0.02311 0.049067 0.013875 0.085601 0.018533 0.048552 0.380471 -0.145939 -0.022527 0.490096;
21, 0.487678 -0.32491 1.07676 2.401462 0.601365 0.052388 -0.007115 -0.033375 -0.060926 -0.027413 -0.090764 -0.096986 -0.079141 -0.003401 -0.017747 -0.029661 -0.008257 -0.034665 -0.025659 -0.013117 0.022318 0.046343 0.022919 -0.007903 0.0476 -0.000191 0.010296 0.003989 0.019407 0.011647 0.013174 0.362339 -0.297539 -0.509513 -0.63799;
22, -0.379652 -0.191056 1.002528 3.102533 0.532461 0.021502 0.030649 -0.039977 -0.053963 0.017279 -0.022766 -0.033772 -0.01715 -0.031802 -0.00531 -0.013638 -0.014091 -0.024732 0.026277 -0.019224 -0.016686 0.022369 -0.026142 -0.002485 -0.028473 0.016065 0.02297 0.020424 -0.000731 0.050792 0.116013 0.321218 -0.244503 -0.324122 -0.357648;
23, -0.082733 -0.754485 1.201959 2.966611 0.422108 -0.052816 -0.067824 0.033044 -0.026325 0.013815 -0.005252 -0.055675 -0.053735 -0.124393 -0.024925 -0.052929 0.032852 -0.078043 -0.053709 -0.0488 -0.021781 -0.020211 -0.049437 -0.041716 0.008107 -0.014375 0.013874 -0.004037 0.035989 0.05186 0.030938 0.37219 -0.33523 0.385441 0.819844;
24, -0.1678 -0.099496 0.612085 1.597732 1.706841 -0.021368 -0.091754 0.06217 0.009684 0.005348 0.013832 0.009911 -0.016807 -0.033706 -0.012388 -0.019081 -0.02405 0.003033 -0.022828 -0.036542 -0.008353 -0.022392 0.024609 -0.037914 -0.044385 -0.036117 -0.028189 -0.004672 -0.023187 -0.02233 -0.017233 0.32571 -0.328646 0.438823 1.430375;
25, -0.204942 -0.099711 1.388652 1.253779 1.513811 -0.107671 -0.16274 0.019792 0.021385 0.023502 0.023881 0.014596 0.053408 0.033075 0.006682 -0.037149 -0.033639 0.021716 -0.033544 -0.013742 0.054748 -0.049816 -0.009663 -0.008752 0.011381 -0.0157 -0.008892 0.011954 -0.024411 0.01902 0.002036 0.362868 -0.376324 3.423755 1.711411;
26, -0.327171 -2.074372 -1.996057 -1.251644 0.015032 -0.116101 0.099563 0.093061 0.136749 0.165423 0.165058 0.171731 0.14034 0.132969 0.110195 0.066597 0.038804 0.009464 0.038761 0.104579 -0.011055 0.170876 0.171316 0.073513 -0.00276 -0.000605 0.013515 0.003005 -0.034914 0.137529 -0.020595 -5.916192 2.938975 -0.174683 0.27063;
27, -0.328576 -1.789712 -0.215283 -1.422034 -1.153599 -0.116283 0.04769 0.050799 0.088153 0.129332 0.114591 0.1263 0.120536 0.092894 0.072665 0.069422 0.083113 0.080766 0.016346 0.120998 0.08177 0.135731 0.12935 0.119716 0.1626 0.088317 0.037275 0.173174 0.137726 -0.012761 0.110587 -2.414438 2.481851 -0.365744 0.168499;
28, -0.276839 -1.432612 -0.295706 -0.54497 -0.028236 0.029508 0.090103 0.000468 0.009958 0.03927 0.018044 0.034371 0.037585 0.065734 0.042054 0.021443 0.04285 0.038374 0.016423 0.03028 0.015417 0.098551 0.014215 0.059677 0.047537 -0.016285 -0.034744 -0.026687 -0.00294 -0.043725 0.019337 -0.828932 1.627027 -0.631141 -0.914448;
29, 0.415977 -1.129487 -0.111054 -0.317758 -0.671886 -0.046373 0.02798 0.072841 -0.011174 0.002063 0.017223 -0.013353 -0.025105 0.062316 0.072356 0.051018 0.026324 -0.010295 0.036518 0.059376 0.038198 0.119621 0.137683 0.202722 0.183816 0.106004 0.145551 0.138012 0.084458 0.080089 0.075741 -0.719945 1.74715 -0.566103 -0.646843;
30, 2.264199 -0.36545 -1.266246 -0.614027 -0.933393 0.055343 0.112446 0.052664 0.069007 0.03032 0.04796 0.058876 0.032328 0.016852 0.00171 -0.005647 -0.018147 0.006916 0.002464 0.00001 -0.022328 0.004335 0.012039 -0.009423 0.041326 0.015688 -0.010311 -0.004241 -0.026286 -0.008958 0.033064 -0.764475 0.4853 -0.648534 -1.018552;
31, 1.632408 0.468277 -0.380199 -0.338976 -0.587759 0.07001 0.059729 -0.019454 -0.026227 -0.024564 -0.028834 -0.024555 -0.025963 -0.010751 -0.045442 -0.058953 -0.034577 0.015456 0.000455 0.026555 0.001893 0.029992 0.047826 -0.008939 -0.001345 -0.009912 0.078149 0.028225 -0.015109 0.080237 0.036961 0.329448 -0.288304 -0.504744 -0.697655;
32, 1.171436 0.448955 0.369841 0.19318 -0.810882 0.033187 -0.02807 -0.09142 -0.083428 -0.02936 0.005121 -0.017157 0.005163 0.021612 0.017475 0.012242 -0.006957 -0.034219 0.020787 0.026609 0.015326 0.019569 0.0516 0.11135 0.082789 0.039802 0.057158 0.081694 0.062714 0.028612 0.047992 0.304149 -0.256341 0.034333 0.114831;
33, 1.851635 -0.051802 0.33723 1.130047 -0.96632 0.077809 0.036653 -0.004018 -0.022769 -0.027558 0.019949 -0.033864 -0.009651 -0.010652 -0.01659 -0.038457 -0.049769 -0.018883 -0.024789 0.072078 -0.01089 0.086084 0.013333 0.00957 0.098531 0.054257 0.059145 0.104202 0.076659 0.098738 0.030191 0.288021 -0.271465 -0.538132 -0.722365;
34, -0.081757 -0.600046 0.149715 2.600615 -0.696814 0.01972 0.003993 -0.008731 -0.024927 -0.004211 -0.024028 -0.028144 -0.021915 -0.023855 0.008836 -0.005726 -0.011253 -0.01152 -0.041399 -0.032051 -0.052842 -0.034902 -0.031 -0.018394 -0.036248 -0.03849 -0.012998 -0.005614 -0.00904 -0.034345 -0.042936 0.280057 -0.240691 -0.5301 -0.649591;
35, -0.013693 -0.566859 0.896413 3.627551 -0.637383 0.002639 -0.068287 0.035821 -0.068105 -0.018915 -0.026814 -0.051216 -0.002916 -0.048351 -0.024904 -0.03736 -0.016966 -0.036488 -0.028975 -0.043851 -0.045716 -0.010418 -0.008657 -0.005341 -0.028757 -0.024582 -0.013107 0.016817 0.049598 0.066375 0.062071 0.37021 -0.34073 -0.066916 0.561331;
36, -0.290784 -0.198853 0.754043 2.570915 -0.578504 -0.046054 -0.116453 0.01305 -0.052228 -0.039548 -0.045851 0.023621 0.001475 -0.031133 -0.033915 0.016273 0.027931 0.013312 0.008537 0.035576 -0.060102 0.025403 -0.024066 0.009526 0.045554 0.010071 0.06423 0.018978 0.019659 0.061172 0.000386 0.364149 -0.327914 1.379505 1.954373;
37, -0.296215 -0.635265 0.48268 1.293462 0.486274 -0.018365 -0.08317 0.057683 0.086236 0.064755 -0.065039 -0.002659 -0.010493 -0.026286 -0.017016 -0.073132 -0.008227 -0.025448 -0.076309 -0.052915 -0.024393 0.02262 0.013911 0.006474 0.076696 0.038298 0.066724 0.045887 0.012459 0.013241 0.033637 0.316797 -0.300395 0.851182 1.532589;
38, -0.554517 0.340471 0.39358 1.170973 0.86138 -0.059256 -0.120309 0.107165 0.028712 0.018632 -0.012769 -0.089932 -0.130575 -0.128754 -0.104777 -0.004621 0.072478 -0.101756 0.053923 -0.023224 -0.059523 -0.06634 -0.006208 -0.040682 -0.060751 -0.024789 -0.044717 -0.059383 0.03642 -0.032672 -0.056847 0.40509 -0.379876 1.79032 2.456589;
39, -0.260723 -1.366001 -2.086845 -1.083759 -1.864186 -0.019743 0.103346 0.064103 0.117485 0.119016 0.125282 0.124933 0.103824 0.099946 0.035833 0.006505 0.028103 0.004112 -0.034649 -0.052817 -0.04907 -0.004708 0.011242 0.020654 0.01085 0.00146 -0.0327 -0.028919 -0.034457 -0.034987 -0.024759 -3.520644 1.352116 -0.691073 -1.035828;
40, -0.112124 -0.945235 -1.345547 -0.819976 -1.155647 0.026944 0.110826 0.02897 0.047329 0.045112 0.070671 0.072932 0.055495 0.061038 0.065074 0.06519 0.059845 0.06201 0.003076 -0.002709 -0.017587 -0.004194 -0.0104 -0.013148 -0.004471 -0.008752 -0.016873 -0.02923 -0.047366 -0.025777 -0.037697 -1.962268 1.201489 -0.673787 -1.004269;
41, -0.361565 -0.77461 -0.989599 -0.379853 0.058202 -0.00279 0.082667 0.072762 0.102082 0.090874 0.087069 0.091277 0.045287 0.024084 0.024852 0.020509 0.034779 0.035989 -0.024953 -0.006362 -0.007124 0.020457 -0.017563 -0.028142 -0.015889 -0.007982 0.012421 0.000814 -0.035872 -0.026396 -0.019151 -1.597822 0.627733 -0.679019 -1.089801;
42, -0.153046 -0.757844 -1.318019 -0.432108 -0.871795 0.044266 0.124534 0.064138 0.087602 0.046456 0.053936 0.054656 0.031143 0.032358 -0.012428 0.0042 0.026515 -0.00318 -0.050851 0.000023 -0.01705 -0.032533 -0.039021 -0.052663 -0.055364 -0.073731 -0.052156 -0.071583 -0.080843 -0.041403 -0.06715 -0.908434 0.449793 -0.614531 -0.773748;
43, -0.236274 -1.087194 -2.051108 -0.686519 -1.66715 0.059879 0.158933 0.064362 0.076527 0.045295 0.041648 0.06226 0.014635 -0.022074 -0.053582 -0.004725 0.039004 0.036768 -0.107694 -0.08622 -0.092667 -0.070521 -0.085019 -0.079003 -0.053125 -0.050641 -0.058047 -0.057987 -0.073081 -0.065261 -0.065072 -0.870049 0.25707 -0.665577 -1.132803;
44, 0.632067 -0.089392 -0.827061 -0.422784 -0.973501 0.059444 0.072494 0.03696 0.021159 -0.022255 0.010635 0.016747 0.023631 0.033032 -0.014184 -0.015875 0.01913 0.042592 0.010096 0.047534 -0.047692 -0.019496 -0.022074 -0.031892 0.033335 0.036553 0.062058 0.004403 -0.001338 0.03867 0.024809 -0.127237 0.100713 -0.592876 -0.69857;
45, 0.141336 0.164554 0.112924 0.083869 -1.213135 0.056285 0.042219 0.000332 -0.038691 -0.012602 -0.028732 0.009483 0.039131 0.015804 -0.026528 -0.020921 -0.016674 -0.006589 -0.005926 0.018284 0.019204 0.035896 0.001303 -0.008864 -0.00445 0.001378 -0.002624 -0.0027 0.039585 0.02136 -0.017122 0.196662 -0.184409 -0.52418 -0.697535;
46, -0.27859 -0.591616 0.085413 0.909855 -1.649823 0.06048 0.022903 -0.042659 -0.012058 -0.013469 -0.040822 -0.007367 0.041304 0.035349 0.024394 0.01682 0.006677 -0.020469 -0.088482 -0.065798 -0.052104 -0.038799 -0.023973 -0.005969 0.050666 0.061023 0.046111 0.07094 0.070362 0.087668 0.095263 0.282122 -0.270558 -0.442219 -0.536319;
47, -0.468965 -0.932464 -0.257266 1.923471 -1.70476 -0.147361 0.005517 -0.058927 -0.055893 0.012351 0.028288 0.012164 -0.049718 -0.099087 -0.087427 -0.046122 -0.034136 -0.081002 -0.091408 -0.105028 -0.063468 -0.082869 -0.059632 -0.072768 -0.046607 -0.070942 -0.051604 -0.058699 -0.062512 -0.084957 -0.082327 0.319279 -0.303638 0.033944 0.045425;
48, -0.2751 -0.573344 0.398166 1.594244 -0.684609 -0.001664 -0.0344 -0.048296 -0.068384 -0.015268 -0.006305 0.004268 -0.010677 0.009907 -0.032866 -0.00775 0.001632 -0.027795 -0.063273 -0.037674 -0.029957 -0.046106 -0.026176 -0.003594 -0.004167 0.013095 -0.000012 0.006307 -0.0004 0.020303 0.044571 0.340418 -0.29025 -0.123484 -0.100793;
49, -0.356213 -0.367201 0.941704 1.399535 -0.20692 0.012138 -0.060888 -0.06379 0.004431 0.021659 0.012174 0.054375 0.020859 0.021335 0.010885 -0.013196 0.001867 -0.015031 -0.044423 -0.002284 0.025337 -0.010075 -0.014042 0.005163 -0.025625 -0.011444 -0.004235 -0.02941 0.000582 -0.005081 -0.007509 0.251291 -0.207512 0.311411 0.693801;
50, -0.288707 0.04223 0.20393 0.609642 -0.240125 -0.033008 -0.069932 0.028476 -0.010322 0.014052 0.000936 -0.038629 0.021349 -0.016788 -0.059635 -0.04358 -0.000543 0.021747 -0.018946 0.032514 -0.035817 0.028842 -0.02773 -0.015019 -0.007268 -0.019394 0.004044 -0.006414 -0.033881 -0.025466 -0.000538 0.319716 -0.318282 0.6651 1.465982;
51, -0.389154 0.654873 -0.141231 0.619149 0.672913 -0.036132 -0.086879 0.101191 -0.024636 0.016582 0.013259 0.004919 -0.047267 -0.082473 -0.05363 -0.031543 0.054048 0.068846 0.069164 -0.028613 -0.064369 -0.032648 0.024894 -0.00096 0.050659 -0.008079 -0.020969 -0.013114 -0.018949 -0.019511 -0.006726 0.309256 -0.318372 0.936581 2.003821;
52, -0.041458 -0.071022 -1.462017 -0.984394 -1.190217 0.008236 0.049801 0.090912 0.137525 0.023898 0.074702 0.068785 0.016576 0.038844 0.050443 0.046435 -0.015641 0.031569 0.022532 0.019623 -0.031657 0.002313 -0.029266 -0.041176 -0.018757 -0.037206 -0.040541 -0.039219 -0.047562 -0.008798 -0.0587 -1.110148 0.353406 -0.590313 -0.48448;
53, -0.109691 0.8345 -0.513435 -0.55836 -0.67317 -0.033008 0.133122 0.070927 0.006731 0.07322 0.061567 0.043801 0.081128 0.029215 0.065372 0.078267 0.016128 0.01536 0.192983 0.125805 0.063518 0.148198 0.103766 0.103514 0.109024 -0.017078 -0.04513 -0.038744 -0.012192 -0.041413 -0.06787 -1.635913 0.839771 -0.591998 -0.77753;
54, 0.074158 -0.231241 -0.411784 -0.48277 -0.403141 -0.036773 0.075725 0.072004 0.008986 0.003359 0.044721 0.019138 0.069029 0.188408 0.225915 0.12544 0.00632 -0.002238 -0.007252 0.011994 0.00692 0.065478 0.034856 -0.003183 0.012514 -0.011501 0.029222 0.068269 0.057467 0.012987 -0.041189 -0.682631 0.266827 -0.639351 -0.85663;
55, -0.231474 -0.515916 -1.186229 -0.750186 -0.781747 0.000007 0.051444 0.066842 0.140937 0.114499 0.019216 0.021873 0.035829 0.027716 -0.008701 -0.010074 0.006192 -0.015979 -0.06944 0.015479 -0.020332 -0.018415 -0.007563 -0.009687 0.002194 -0.02834 -0.028473 -0.019918 -0.032381 -0.018258 -0.020554 -0.409283 0.108413 -0.626777 -0.771241;
56, -0.217021 -0.308801 -1.864582 -0.781463 -0.984282 0.036921 0.082469 0.045244 0.076257 0.02345 0.01466 0.015484 -0.001056 0.028251 0.017681 0.020762 0.018241 -0.036527 -0.079073 -0.061589 -0.087714 -0.050571 -0.049353 -0.06244 -0.071902 -0.058156 -0.064497 -0.058327 -0.062061 -0.062465 -0.056558 -0.102359 -0.122706 -0.650532 -1.06113;
57, -0.278142 -0.397844 -1.16545 -0.152979 -1.660794 0.04178 0.072607 0.059982 -0.017337 0.026132 0.008992 -0.005827 0.016985 -0.02024 -0.030721 -0.004261 0.007997 -0.016055 -0.082781 -0.036797 -0.04737 -0.002507 -0.040631 -0.017549 -0.01865 -0.006309 -0.021094 -0.023513 -0.036277 -0.044207 -0.029417 0.11116 -0.201696 -0.627782 -0.992325;
58, 0.368276 -0.943775 -0.865672 1.449798 -1.897575 0.042849 0.077903 -0.020025 0.034132 0.004826 -0.023501 -0.002246 -0.028528 -0.021734 -0.009451 -0.023948 -0.016022 -0.003294 -0.113199 -0.061918 -0.070615 -0.091243 -0.070069 -0.055677 -0.081883 -0.052368 -0.024476 -0.025887 -0.069884 -0.07937 -0.063311 0.192977 -0.227304 -0.633597 -0.997974;
59, -0.24633 -0.317941 -0.362134 0.548097 -1.152749 0.05212 0.041445 -0.007229 -0.033844 0.015948 0.011724 -0.025225 -0.015489 -0.031245 -0.042205 -0.050588 -0.025469 -0.052482 -0.060454 -0.03885 -0.039686 -0.033564 -0.024658 0.004249 0.0019 0.001256 -0.011004 -0.002967 0.013588 -0.00151 0.011839 0.298009 -0.2513 -0.584782 -0.782502;
60, -0.292744 -0.291285 0.39141 0.92156 -0.214134 0.066685 0.000776 -0.010634 -0.0045 0.007268 -0.000016 0.009735 0.014898 0.006015 0.002806 0.017039 0.003145 -0.013785 -0.049889 0.00126 0.021493 -0.001044 0.0032 -0.010194 -0.014699 -0.003109 -0.022488 -0.0107 0.008148 -0.002416 -0.000719 0.211605 -0.21144 -0.495269 -0.537616;
61, -0.285595 0.156484 0.384118 0.709639 -0.333369 -0.06284 0.012276 -0.101902 -0.128975 -0.070629 -0.098052 -0.053743 -0.020803 0.024805 0.024364 -0.027049 -0.036427 -0.04635 -0.009494 -0.057738 -0.035308 -0.008532 0.026074 0.011442 0.009417 0.083919 0.091723 0.049732 0.053286 -0.004093 0.097507 0.417933 -0.380284 -0.007056 -0.115677;
62, 0.007108 -0.471524 0.338095 0.700561 0.294087 -0.002198 -0.055744 0.050893 -0.010828 0.00922 -0.004967 -0.003613 -0.016563 -0.034049 -0.005764 0.02242 0.047097 0.001919 -0.070691 -0.017377 -0.009898 0.001071 -0.004107 0.033596 0.006754 0.006726 0.031643 0.028457 0.033962 -0.016988 0.058822 0.152934 -0.172639 -0.073801 0.614601;
63, 0.369608 0.760927 0.652864 0.303996 0.335589 -0.012619 -0.096926 -0.060729 -0.057901 -0.041298 -0.016819 -0.020992 -0.001081 0.057904 -0.004229 -0.029891 0.002037 0.016797 0.07132 0.042706 0.00023 0.055437 0.032722 0.060262 0.071391 0.04429 0.026077 0.077016 0.07012 0.072338 0.095275 0.376968 -0.348912 0.618832 0.889354;
64, -0.144752 0.445466 0.152213 -0.390351 0.619727 -0.057249 -0.057641 -0.004802 0.010699 0.011451 -0.022095 -0.038714 0.008841 0.021441 -0.011822 0.051913 0.005854 0.008755 0.011789 0.017513 -0.010828 -0.001637 -0.00553 -0.007554 0.016799 -0.007611 -0.020125 -0.005567 0.01621 0.002221 -0.015737 0.288893 -0.288417 0.646182 1.428205;
65, -0.138375 0.125832 -1.734256 -1.061821 -1.396374 0.046564 0.084836 0.041357 0.053722 -0.007412 0.025524 0.054201 0.038884 0.040423 0.01205 0.009663 0.005505 0.01963 -0.013029 -0.042858 -0.054112 -0.058788 -0.007414 -0.048386 -0.035227 -0.04732 -0.041553 -0.03696 -0.055422 -0.03171 -0.040549 -0.386906 0.041677 -0.640201 -0.954315;
66, -0.369369 1.013413 -0.805788 -1.135332 -0.857039 0.031706 0.119853 0.002365 0.045367 0.065848 0.042684 0.035707 0.015343 0.029501 0.029769 0.006365 0.021218 0.043437 0.149999 -0.020024 0.009951 -0.016099 -0.051907 -0.047144 -0.041714 -0.046476 -0.059985 -0.061266 -0.031693 -0.059462 -0.029605 -0.455069 0.1628 -0.667121 -1.084515;
67, -0.283937 0.474153 -1.469051 -0.799233 0.017998 0.032604 0.119407 0.045835 0.09613 0.078858 0.034555 0.017164 0.00792 0.021489 0.009747 0.011663 0.018573 0.007206 0.051569 0.008155 -0.03435 -0.044641 -0.018021 -0.039481 -0.038785 -0.048897 -0.052041 -0.039072 -0.062574 -0.037488 -0.032656 -0.570796 0.064949 -0.6721 -1.121335;
68, -0.401469 -0.106587 -1.055734 -0.595852 -0.433867 0.030715 0.063254 0.045821 0.032292 0.033555 0.024815 0.023429 0.024215 0.015486 0.025114 0.024001 0.037994 0.011178 -0.035691 -0.046204 -0.033329 0.001012 -0.041842 -0.036011 -0.060251 -0.043327 -0.053214 -0.04973 -0.036885 -0.01339 -0.014191 -0.207711 -0.056018 -0.652611 -1.054208;
69, -0.026807 -0.549483 -1.564281 -0.411897 -0.043671 0.043439 0.087154 0.046232 0.05377 0.01777 0.046341 0.039133 -0.033372 -0.00115 -0.024572 -0.018148 -0.022337 -0.100013 -0.078636 -0.062444 -0.094174 -0.07523 -0.064941 -0.075681 -0.075355 -0.069374 -0.074113 -0.051757 -0.05294 -0.054408 -0.050214 0.072895 -0.187254 -0.635465 -1.086393;
70, -0.320363 -0.250685 -1.301138 -0.213296 -0.659326 0.063713 0.05338 0.009098 0.016921 0.024798 0.025418 -0.028592 -0.038454 0.010088 0.012606 -0.006061 -0.007786 -0.016904 -0.074318 -0.057762 -0.073111 -0.028478 -0.053877 -0.054665 -0.060174 -0.023446 -0.048831 -0.052277 -0.072665 -0.029173 -0.044769 0.171492 -0.233608 -0.590847 -0.791373;
71, -0.403901 -0.515093 -1.028466 0.636904 -0.780569 0.073909 0.030389 0.026468 0.080774 0.046271 -0.006472 0.000847 0.02027 0.009916 0.030246 0.024179 0.002533 -0.002982 -0.061626 -0.024593 -0.052189 -0.026224 -0.027377 -0.005581 -0.04289 -0.035712 -0.027987 -0.049736 -0.056706 -0.031222 -0.033258 -0.151365 -0.05768 -0.630585 -0.935367;
72, -0.372824 -0.796562 -0.551295 1.576336 -0.553942 -0.010071 0.00377 0.074583 0.051625 0.036119 0.077526 0.038888 0.04678 0.039027 0.06052 0.049553 0.065261 0.03411 -0.063657 -0.05331 -0.079221 0.036208 -0.04289 0.014809 -0.016599 -0.032449 0.013117 -0.010301 -0.000459 0.074446 0.010899 -0.377549 -0.017491 -0.5975 -0.556422;
73, -0.095076 -0.68967 -0.120555 1.095534 0.439933 0.05329 0.008674 -0.000935 -0.022899 0.01815 -0.012208 -0.039608 -0.01927 -0.003182 -0.002121 -0.0088 0.014011 -0.004414 -0.093888 -0.046635 -0.055243 0.016539 -0.015777 -0.030347 0.004519 -0.019242 -0.009512 0.002068 0.026882 0.008849 0.011649 0.25503 -0.233607 -0.562498 -0.766515;
74, -0.072535 0.640284 0.952322 0.996546 0.196536 -0.022388 0.039227 -0.009479 -0.027094 -0.030924 -0.075432 -0.059317 -0.05476 -0.034176 0.000056 0.028201 0.020418 -0.016887 0.089791 0.040126 0.04721 0.041691 0.019834 0.046565 0.014185 0.015261 0.023351 0.016302 0.044987 0.035574 0.049626 0.224586 -0.195782 -0.515239 -0.518422;
75, -0.056586 0.310972 0.264681 0.429504 0.266336 -0.018059 -0.04494 -0.024142 -0.022746 0.024784 0.03242 0.005386 -0.011985 -0.008558 -0.013562 -0.022004 0.02524 0.006323 0.006729 -0.000035 -0.00704 0.016286 0.002703 -0.003254 0.001184 -0.034312 -0.016299 -0.012543 -0.030446 -0.039632 -0.015537 0.239 -0.258737 -0.100931 0.216459;
76, -0.12952 0.082283 0.360688 -0.209578 0.428891 -0.004938 -0.062058 -0.00264 -0.021791 -0.02789 -0.069158 -0.050759 0.003511 0.019934 0.025834 -0.031465 -0.012491 -0.057085 -0.01579 -0.055722 0.018101 -0.027583 0.00428 0.01103 -0.002346 0.004168 0.04495 0.031005 0.007052 0.00512 0.020657 0.35982 -0.323306 -0.127049 0.549164;
77, 0.098175 -0.113243 -0.347862 0.186411 1.007905 -0.048196 -0.039265 0.062324 -0.002248 -0.002409 -0.008255 -0.018057 -0.033416 -0.017393 -0.00988 0.007165 -0.02133 -0.01582 -0.054928 -0.0647 -0.071774 -0.039861 -0.044018 -0.042563 -0.047092 -0.036907 -0.033663 -0.043297 -0.057906 -0.044865 -0.01659 0.32459 -0.339019 0.156385 0.985056;
78, -0.193221 0.667138 -1.578206 -1.082289 -1.113352 0.045383 0.077323 0.010543 0.001878 -0.036364 -0.024055 -0.009212 -0.013691 -0.019318 -0.022773 0.043478 0.073211 0.037658 0.02955 -0.030414 -0.06414 -0.0593 -0.032655 -0.027088 -0.04579 -0.043389 -0.044444 -0.037662 -0.044198 -0.018807 -0.024437 0.068146 -0.177465 -0.623855 -0.992716;
79, -0.277152 0.101429 -0.933961 -1.030564 -1.128941 0.031856 0.07447 0.026634 0.030597 0.010507 -0.032038 -0.042496 -0.043143 0.013364 0.034199 0.024576 0.018981 0.003442 -0.014981 0.001966 -0.007397 -0.020868 -0.015502 0.010485 0.009679 -0.017318 -0.028319 -0.038842 -0.027905 -0.041705 -0.039114 0.010397 0.039627 -0.606703 -0.86002;
80, -0.066413 0.346082 -0.852398 -0.706769 -0.529183 0.050771 0.011056 -0.000929 -0.002622 -0.048051 -0.010014 -0.025327 0.018125 0.051582 -0.024528 -0.070078 -0.054373 0.032123 -0.000254 -0.039854 -0.061212 -0.041419 -0.049707 -0.049052 -0.036785 -0.05525 -0.037856 -0.017836 -0.041242 -0.026945 -0.017066 0.331605 -0.321082 -0.550513 -0.601551;
81, -0.363307 0.213525 -0.561088 -0.773033 -0.330344 0.014949 0.034704 0.034113 0.019522 0.032966 0.02669 -0.008895 -0.006086 0.005202 0.032398 0.013249 0.01929 0.023529 -0.018413 -0.030313 -0.001355 0.000452 -0.016897 -0.023335 -0.049866 -0.014294 -0.006265 -0.000128 -0.006371 -0.034581 0.008645 0.021227 -0.102122 -0.615869 -0.852661;
82, -0.319875 -0.291314 -0.900517 -0.767783 0.115354 -0.055759 0.060086 0.076199 0.029527 0.069695 -0.003502 -0.0255 -0.013013 -0.003399 0.012213 0.010539 0.019541 0.026403 -0.077301 -0.049744 -0.039897 -0.022655 -0.029599 -0.018501 -0.040592 -0.007479 -0.035604 -0.030332 -0.044562 0.004748 -0.029039 0.015551 -0.139601 -0.589564 -0.665017;
83, -0.251384 -0.572981 -1.006577 -0.042347 -0.2239 0.095956 0.049983 -0.036642 0.007872 -0.043547 -0.058243 -0.068716 -0.090545 -0.067657 -0.075671 -0.071263 -0.074333 -0.035981 -0.103586 -0.033819 -0.095988 -0.086054 -0.075458 -0.035924 -0.041163 -0.028318 -0.019035 -0.029158 -0.036676 -0.049852 -0.048308 0.404822 -0.334309 -0.613657 -0.907665;
84, 0.334852 0.07121 -0.665501 0.402718 -0.183131 0.034491 0.024469 0.005378 0.038781 0.045637 0.032202 0.00996 -0.005083 0.03187 -0.005533 -0.020161 -0.00455 0.00633 0.002419 -0.028212 -0.048418 -0.024799 0.016715 -0.008951 -0.003288 -0.01735 0.001244 0.007012 -0.022681 -0.018063 -0.022099 0.003675 -0.07359 -0.607316 -0.84865;
85, -0.389696 -0.451742 -0.669923 0.69817 0.165488 0.05979 0.002569 0.045048 0.028303 0.027998 0.027641 -0.047341 -0.018223 0.003038 0.008995 0.031171 0.066095 0.030523 -0.061174 -0.035943 -0.063545 -0.010717 -0.050503 -0.035884 -0.019497 -0.014293 -0.024511 -0.030415 -0.034944 -0.035311 -0.055445 0.055697 -0.111492 -0.581303 -0.73501;
86, -0.237372 -0.112156 -0.376203 0.903951 0.855613 0.003984 -0.005083 0.041393 0.023528 0.055749 0.061541 0.039087 0.032363 0.018269 0.0262 0.042879 0.072504 0.023007 -0.010589 -0.0506 -0.056658 -0.015805 -0.030807 -0.006517 -0.027832 -0.041473 -0.037783 -0.054227 -0.037876 -0.035634 -0.044096 -0.068141 -0.137022 -0.603008 -0.714286;
87, -0.222847 -0.200781 0.3249 0.550432 0.855514 0.069394 -0.022667 -0.064245 -0.053655 -0.054795 -0.037337 -0.028896 -0.034971 -0.020504 -0.008782 -0.022939 -0.001576 0.024002 -0.051877 -0.01079 -0.007142 -0.043265 -0.034279 -0.047945 -0.035309 -0.02672 -0.003559 -0.03266 -0.023839 -0.008016 -0.007706 0.33926 -0.330907 -0.454009 -0.523259;
88, 0.55089 0.068358 0.137219 0.365023 0.254549 0.061154 0.020619 -0.002604 -0.0177 -0.045829 -0.002755 -0.031168 -0.04142 -0.032038 -0.054741 -0.025811 0.00572 0.041186 -0.012116 0.00174 0.001388 -0.033464 0.006988 0.007842 0.023823 0.024724 0.042021 0.032832 0.003355 0.003837 0.018378 0.323861 -0.266557 -0.538208 -0.566463;
89, -0.346156 -0.008719 0.198647 -0.377633 0.941632 -0.045583 -0.07099 -0.01651 -0.064814 -0.047657 -0.051938 -0.072122 -0.007607 0.050874 0.007291 -0.007515 -0.021928 -0.074619 -0.05686 0.001798 -0.018175 0.001444 0.002479 -0.02625 -0.035866 0.007091 -0.001513 0.008056 -0.008326 -0.042033 -0.020592 0.384864 -0.348087 0.066326 0.299847;
90, -0.170861 0.476473 -0.444334 -0.02363 0.902327 0.000824 -0.047651 0.035364 0.012984 -0.010661 -0.024408 -0.031197 -0.017285 -0.02263 0.023789 0.0294 0.000438 -0.007213 0.013303 0.002104 -0.058585 0.005033 0.001411 -0.046501 -0.027504 -0.045334 -0.041308 -0.030912 -0.04378 -0.022265 -0.037736 0.273004 -0.302768 -0.257037 0.293004;
91, -0.149997 0.339152 -1.128533 -0.864354 -1.485511 -0.003416 -0.028669 0.002751 0.048254 0.028993 0.083616 0.06471 0.046402 0.055106 0.048379 -0.000875 -0.046485 -0.005109 0.014942 -0.024148 -0.068838 -0.047127 -0.01306 -0.011037 0.001613 -0.005984 -0.004937 -0.001076 -0.011079 -0.002709 -0.017091 -0.053896 -0.093568 -0.230095 0.199372;
92, -0.070598 0.15133 -0.745862 -0.869733 -1.05476 0.025893 -0.00528 -0.000873 -0.021445 -0.032751 0.025125 0.020378 -0.010073 -0.036329 -0.002424 0.047279 0.004858 0.012913 -0.025903 -0.046363 -0.055485 -0.06171 -0.055039 -0.047739 -0.041052 -0.032011 -0.024451 -0.030535 -0.020611 -0.017527 -0.037023 0.26841 -0.263457 -0.273594 -0.073443;
93, -0.306469 -0.221152 -0.250821 -0.382141 -0.806925 0.054755 0.022507 -0.061027 -0.038697 -0.035626 -0.018073 0.019632 0.069323 0.027328 -0.029361 -0.039989 -0.005847 -0.061906 -0.090401 -0.058456 -0.006773 -0.05132 0.017096 -0.003647 -0.025888 0.016571 0.018029 -0.01685 -0.004758 -0.001835 0.013137 0.326534 -0.320377 -0.306098 -0.462237;
94, -0.402476 0.052141 -0.359465 -0.819001 -0.260025 -0.00766 0.00923 0.059123 0.036791 0.025924 0.026896 0.06941 0.079237 -0.035569 -0.056037 -0.073628 -0.047353 -0.00251 -0.022327 -0.009049 0.013586 0.025744 -0.010119 0.007458 -0.021138 0.003989 -0.00919 -0.016985 -0.007953 -0.012612 0.018132 0.07936 -0.148894 -0.505008 -0.255788;
95, -0.174639 -0.238292 -0.396859 -0.23226 0.006462 0.002961 -0.042292 -0.007268 -0.002993 0.00628 0.001381 0.00893 0.026221 0.00463 0.031606 0.046986 0.032755 0.028173 -0.070832 -0.05151 -0.04516 -0.052268 -0.039913 0.020464 -0.035121 -0.025403 -0.025346 -0.038926 -0.044609 -0.018757 -0.025463 0.271028 -0.29609 -0.34351 -0.072921;
96, -0.08866 -0.159617 -0.685238 -0.297731 -0.012641 -0.0632 0.044813 0.057821 -0.039219 -0.018601 -0.056158 -0.032924 -0.032681 0.002746 -0.003717 0.037671 -0.00198 -0.007818 -0.084862 -0.089699 -0.058139 -0.06091 -0.045459 -0.03978 -0.064538 -0.054129 -0.034844 -0.027291 -0.044931 -0.031252 -0.034182 0.31629 -0.292191 -0.532577 -0.575534;
97, -0.387899 0.214265 -0.956737 -0.238293 0.211284 0.019457 0.010482 0.032869 0.066033 -0.002136 0.006299 -0.029855 -0.055913 -0.029927 -0.055388 -0.008395 0.026747 -0.029585 -0.017287 -0.029587 -0.043774 0.006905 -0.008269 -0.05017 -0.059791 -0.035417 -0.035019 -0.03808 -0.075211 -0.046939 -0.041374 0.280966 -0.27658 -0.583557 -0.735365;
98, -0.412889 -0.071256 -0.95194 -0.061822 0.794435 0.020259 0.037675 0.083729 0.069199 0.015669 0.016819 -0.019537 -0.009177 0.003711 0.009614 0.030703 0.041511 0.006239 -0.026126 -0.012714 -0.042493 0.006004 0.020685 -0.047153 -0.048711 -0.028435 -0.039187 -0.036107 -0.05176 -0.033293 -0.050408 -0.128666 -0.059864 -0.635406 -0.855536;
99, -0.367914 -0.102584 -0.172196 0.179333 0.627971 0.088149 0.025472 -0.01306 -0.007113 -0.029489 -0.022913 -0.042967 -0.017884 -0.000285 -0.03983 -0.00134 0.051942 -0.005865 -0.052574 -0.01181 -0.023981 0.021316 -0.059786 -0.026076 -0.052279 -0.045131 -0.036079 -0.01561 -0.038985 -0.030178 -0.0526 0.328513 -0.304755 -0.58123 -0.860792;
100, -0.371834 0.242858 0.16392 0.570776 1.541959 0.058174 0.006595 -0.003677 0.018417 -0.00811 -0.01098 -0.036432 -0.041438 -0.004108 -0.017531 0.003763 0.019182 -0.016656 0.004943 0.024023 -0.009099 -0.009719 -0.004633 -0.044298 -0.050288 -0.014401 -0.05096 -0.04215 -0.022651 -0.036484 -0.04255 0.300659 -0.2877 -0.515625 -0.494541;
101, -0.396507 -0.047765 -0.032364 -0.105118 1.111682 0.016936 -0.012402 0.058575 0.034199 0.008459 0.039449 0.019346 -0.002072 -0.012306 -0.016415 0.007612 0.043378 0.00293 -0.036052 -0.02574 0.00112 0.00332 -0.040669 -0.032371 -0.033145 -0.035177 -0.02779 -0.015051 -0.030158 -0.026257 -0.030926 0.09791 -0.182059 -0.545554 -0.476036;
102, -0.166172 -0.260269 0.465864 -0.013397 1.225926 0.005409 -0.082896 0.014963 0.003692 0.002612 0.041846 -0.020281 -0.022783 -0.012169 -0.024794 -0.043468 -0.05274 -0.064808 -0.05676 -0.063744 -0.013661 -0.039799 -0.044752 -0.034767 0.001457 -0.007829 -0.040072 -0.017909 0.015029 0.092764 0.005654 0.329052 -0.329073 -0.358079 0.072036;
103, -0.125637 -0.116816 -0.12347 0.404222 1.589647 -0.047068 -0.017541 0.044061 0.081686 0.101814 0.067952 0.035662 0.018748 -0.002636 -0.001135 0.041581 0.061997 0.021751 -0.01223 -0.014143 -0.043819 -0.020164 -0.026391 -0.025399 -0.046531 -0.01482 -0.051489 -0.046314 -0.029375 -0.018481 -0.027497 -0.104941 -0.02131 -0.113028 0.450117;
104, -0.081079 -0.556734 -0.786588 -0.276929 -0.972677 -0.024596 -0.030716 0.062842 0.078722 0.036918 0.042641 0.08687 0.037694 -0.001929 0.028027 0.041268 0.025632 0.071356 -0.064358 -0.050985 -0.035999 -0.043727 -0.005773 -0.024654 -0.006546 0.00904 -0.017394 -0.02202 -0.027189 0.000265 -0.00426 -0.30184 0.185182 0.035619 1.106025;
105, -0.060353 0.126453 -0.650432 -0.574081 -0.490363 -0.019452 -0.060708 0.046787 0.056381 0.03302 0.030513 -0.015557 0.004803 0.01734 0.028108 0.060349 0.015133 -0.029121 -0.024491 -0.055215 -0.052772 -0.036905 -0.036938 0.004054 -0.044025 -0.031841 -0.021758 -0.035711 -0.031111 -0.035376 -0.027731 0.176806 -0.228568 0.232865 1.01605;
106, -0.286244 0.012319 0.458857 -0.548042 -0.071898 -0.033144 -0.053454 -0.041884 -0.01544 -0.060882 -0.057558 -0.076836 -0.051818 -0.003805 0.046038 0.070717 -0.020587 -0.043286 -0.041335 -0.026488 0.029989 0.002262 -0.005983 0.006418 -0.004894 0.00392 -0.017748 -0.007908 0.012544 0.016243 0.018271 0.33996 -0.28703 0.387026 0.907069;
107, -0.328991 0.238013 -0.301484 -1.037755 -0.473804 -0.014675 -0.019735 -0.038028 -0.014306 0.001877 0.0289 0.052946 0.025991 0.001843 0.028775 0.048547 -0.041811 -0.113576 -0.025541 -0.017083 -0.017227 -0.039913 -0.052362 -0.037244 -0.042556 -0.030341 -0.041655 -0.035424 -0.031174 -0.03589 -0.011972 0.283693 -0.290414 -0.111349 0.271243;
108, -0.092626 0.484644 -0.524103 -0.611784 0.068004 0.008395 -0.035576 0.043624 0.037584 -0.039891 -0.017736 -0.033853 -0.001387 -0.005231 -0.021699 0.020714 -0.002013 0.032602 0.019545 0.007044 -0.037304 -0.028436 -0.045261 -0.054782 -0.024169 -0.030109 -0.043247 -0.040755 -0.02918 -0.004297 -0.030402 0.283585 -0.297152 -0.384263 0.034668;
109, 0.403492 0.165769 -1.087032 -0.070496 0.067735 0.029679 -0.00398 0.067511 0.028391 0.012276 0.049003 0.018313 -0.025411 0.008893 0.030557 0.036255 -0.061008 -0.024004 0.004431 0.007211 -0.05679 -0.037827 0.102027 0.003318 -0.005696 -0.010825 0.004501 -0.00084 -0.015182 0.034484 0.03622 -0.060282 0.046169 -0.437752 0.097243;
110, -0.054561 0.214566 -1.371702 -0.380616 0.064212 0.065458 0.000503 0.016862 0.091827 0.015421 0.07879 0.058227 0.017615 0.059828 0.01379 -0.021817 -0.055896 -0.057745 -0.001131 -0.050531 -0.094141 -0.054753 -0.056688 -0.058037 -0.062519 -0.070128 -0.055879 -0.068674 -0.068095 -0.050722 -0.056549 0.036001 -0.20596 -0.640784 -0.918489;
111, -0.461063 0.528458 -1.11464 -0.488661 0.938798 0.044659 0.09295 0.026123 0.056309 0.038341 0.024172 -0.003258 -0.025944 -0.011625 -0.017614 0.022706 0.057039 0.006168 0.041368 -0.018856 -0.026704 -0.018886 0.012777 -0.045868 -0.05031 -0.061917 -0.041608 -0.059857 -0.061459 -0.04527 -0.032006 -0.019189 -0.05958 -0.654189 -1.097819;
112, -0.032244 0.463806 -0.417046 0.009236 0.76369 0.033705 0.022623 0.010754 0.000782 0.007584 -0.022232 0.026561 0.028492 0.029259 0.045956 0.032009 0.052437 -0.005721 0.020848 0.006986 -0.023631 0.025342 0.02363 -0.001711 -0.045592 -0.024409 0.012945 -0.011073 -0.038399 -0.030853 0.017573 0.161064 -0.219741 -0.539837 -0.565121;
113, -0.506742 0.473207 -0.225781 -0.197601 1.677576 0.047119 0.055517 0.001383 0.016649 0.006483 0.008594 0.005004 -0.018454 -0.005067 -0.021929 0.008845 0.050872 -0.005917 0.024402 -0.02127 0.003549 -0.03534 -0.02298 -0.03174 -0.047534 -0.055463 -0.047995 -0.058675 -0.065277 -0.047071 -0.05635 0.211766 -0.240303 -0.620975 -0.960404;
114, -0.347331 0.264143 0.673921 0.00063 0.954462 0.054782 -0.024785 -0.034857 -0.012749 -0.048908 -0.035359 -0.022752 -0.006102 -0.018756 0.025528 -0.009527 -0.010207 0.023546 -0.012284 0.030813 0.069693 -0.005883 0.008026 -0.011976 0.004274 0.001701 -0.007556 -0.000973 -0.022213 -0.022419 -0.011529 0.360803 -0.328312 -0.416638 -0.485064;
115, 0.438718 0.356592 0.404882 0.079724 1.442421 -0.015331 -0.036527 -0.052916 -0.042716 -0.081769 -0.02456 -0.007648 -0.001528 0.011766 -0.003515 -0.021629 -0.016845 -0.062533 0.015627 0.033012 -0.018299 0.008544 0.022392 0.020729 0.006267 0.004256 -0.001091 0.025482 0.011773 0.001006 0.015206 0.406722 -0.349039 -0.099846 0.085693;
116, 0.055354 -0.034764 0.646671 1.070598 2.041786 -0.029402 -0.017785 -0.042508 -0.037603 0.020604 -0.027755 0.010073 -0.01585 -0.019002 0.010996 0.032279 0.004519 -0.004005 -0.015461 0.042111 -0.013062 -0.032301 -0.00969 -0.015793 0.002739 -0.015434 -0.016684 -0.056771 -0.04129 -0.028393 -0.043079 0.215532 -0.227332 -0.054498 0.228523;
117, -0.034567 -0.054643 -0.56201 -0.401443 -1.276749 -0.046545 -0.062254 0.093602 0.050333 -0.056852 0.036518 0.029138 0.017824 0.051522 0.033419 0.00812 -0.030957 0.004303 -0.037465 -0.053943 -0.035181 -0.027293 -0.014817 -0.021439 0.004479 -0.045221 -0.007002 0.018492 -0.01964 0.041373 0.017502 0.073892 -0.170033 1.010366 1.957143;
118, -0.093747 0.058028 0.193712 -0.201511 -0.257844 -0.060594 -0.098565 0.021996 -0.019176 0.002386 -0.041912 -0.076004 -0.015915 -0.008349 -0.007223 -0.006516 -0.006229 0.033144 -0.034184 0.010724 -0.007755 -0.004646 -0.00445 0.004992 0.026432 -0.002289 0.019346 -0.013274 0.001207 0.030219 -0.006011 0.31083 -0.265855 1.37133 1.639197;
119, -0.414146 0.48603 -0.008678 -0.950903 -0.340453 -0.045006 -0.055023 0.070181 0.062775 0.004452 0.005076 -0.049044 -0.059637 -0.044573 -0.050433 -0.011907 0.006965 -0.013176 0.003865 -0.024194 0.001003 0.021056 -0.038005 -0.020398 -0.031508 -0.058813 -0.05503 -0.042617 -0.014902 -0.038755 -0.037023 0.334917 -0.307233 0.673741 1.72463;
120, -0.136629 0.702193 -0.017149 -0.788077 -0.346685 -0.01528 -0.02643 0.028376 0.045051 -0.024843 -0.032294 -0.016702 0.010045 0.023396 -0.0094 -0.069589 -0.058926 0.008298 0.045037 -0.002562 0.015871 -0.006452 -0.022721 -0.042441 -0.035597 -0.025433 -0.042681 -0.017486 -0.018769 0.004809 -0.007981 0.273008 -0.27701 0.146155 0.956852;
121, -0.058676 0.715594 -0.246567 -0.840526 -0.533409 0.001542 -0.051238 -0.10373 -0.099381 -0.09702 -0.02727 -0.004277 -0.017055 -0.004497 -0.028792 -0.072427 -0.09177 -0.027822 0.033442 -0.000383 -0.031023 -0.011805 -0.027058 -0.019919 -0.013717 -0.003083 -0.008404 -0.019502 -0.010998 0.016182 0.009379 0.39462 -0.346571 0.309077 0.125342;
122, 0.282875 1.350044 -1.108466 -0.65655 -0.709244 0.052693 0.070307 -0.005452 -0.007678 -0.048209 0.005162 0.026051 -0.032329 -0.021174 -0.009146 -0.000993 -0.002494 0.028475 0.125612 -0.010367 -0.043864 0.005673 0.073426 0.017442 -0.006388 -0.021277 -0.032083 -0.00293 -0.018871 0.00768 -0.033492 0.178023 -0.17911 -0.527631 -0.670483;
123, -0.085815 0.838286 -0.820234 -0.478 0.091431 0.04843 0.057018 -0.014922 -0.003344 -0.005898 0.010529 -0.009113 -0.027929 -0.02193 0.001713 -0.021758 -0.044189 -0.025625 0.072431 -0.012149 -0.055743 0.015465 -0.023081 -0.045919 -0.024512 -0.042044 -0.04734 -0.024606 -0.027904 -0.025331 -0.037375 0.23467 -0.257347 -0.601748 -0.899352;
124, -0.289146 0.226618 -0.290482 -0.407624 -0.080514 0.062371 0.062328 0.006512 0.014154 -0.039036 -0.060209 -0.045132 -0.076787 -0.078905 -0.092262 -0.060215 -0.025213 -0.005957 -0.005608 0.050417 -0.020631 0.004462 0.03345 0.109482 0.123643 0.10287 0.096253 0.024586 0.014754 -0.018919 -0.034547 0.399175 -0.249742 -0.586066 -0.774045;
125, -0.432727 0.437057 -0.108893 -0.552991 0.557385 0.049099 0.038586 -0.03015 0.006586 0.023777 -0.005249 -0.030335 -0.040154 -0.017668 0.015813 0.007614 -0.01447 -0.009675 0.015862 0.034797 0.011664 -0.032392 -0.038376 -0.029517 -0.018181 -0.018191 -0.027704 -0.023788 -0.032135 -0.048426 -0.025116 0.269526 -0.223041 -0.566472 -0.7565;
126, -0.377282 0.784034 -0.006915 -0.26034 0.95074 0.037536 0.017618 -0.012048 0.002638 -0.044234 -0.028162 0.021542 -0.016845 -0.088089 -0.081044 -0.069016 -0.071628 -0.029189 0.061039 0.065247 0.014404 0.051798 0.038507 0.059352 0.014136 0.018462 0.010173 0.007869 -0.020155 -0.032105 -0.025886 0.364336 -0.327576 -0.523549 -0.698425;
127, -0.33833 0.849749 0.732722 -0.418355 1.665127 -0.003237 0.001962 0.003013 -0.01547 0.008379 0.032032 0.016455 0.01366 0.021074 0.037471 0.027882 0.034591 0.007376 0.081776 0.004057 0.057275 0.021633 0.022186 0.00725 -0.009115 0.009427 -0.01126 0.018118 0.046975 -0.034824 0.005186 0.070709 -0.082339 -0.515131 -0.584703;
128, -0.068458 0.481595 1.655759 0.457409 1.71341 -0.018256 -0.002438 -0.064606 -0.048232 -0.03301 -0.071942 -0.022841 0.020128 0.000568 -0.058543 -0.038617 -0.042108 -0.065538 0.034172 0.020373 0.133116 0.056604 0.123636 0.126446 0.064253 0.148559 0.086755 0.086403 0.052744 0.103626 0.02654 0.279745 -0.229637 -0.34276 -0.363148;
129, -0.335578 0.834388 0.964321 0.912552 3.352239 -0.029465 -0.005972 -0.032726 -0.023253 0.002871 0.015623 0.005105 -0.03023 -0.035515 -0.046001 -0.0338 0.030785 -0.021583 0.086482 -0.002376 -0.001048 -0.022376 -0.021651 0.033573 -0.030347 -0.046995 -0.018069 -0.029592 -0.020151 -0.038766 -0.033786 0.358777 -0.345836 -0.278954 -0.062362;
130, -0.184026 0.096367 -0.254925 -0.571904 -0.528289 -0.090407 -0.055044 0.085572 0.073594 0.001131 0.010672 0.027472 0.020565 -0.019387 -0.027469 0.045211 -0.000345 0.028161 -0.017487 0.005454 -0.039385 -0.052314 -0.03657 -0.01665 -0.035275 -0.006875 -0.010578 -0.013664 -0.010633 -0.011081 -0.027659 0.213923 -0.20738 2.204871 2.662489;
131, -0.010751 1.332793 -0.077626 -0.600777 0.261354 -0.058763 -0.060984 0.084543 0.02652 -0.069374 0.026972 0.014244 -0.009996 -0.01225 0.025126 0.039351 -0.002109 0.069993 0.116957 0.021924 -0.010089 -0.000548 0.050811 -0.019454 0.009991 -0.01868 0.002216 -0.020522 -0.011101 -0.010259 -0.031646 0.247149 -0.271012 1.568823 2.487148;
132, -0.335669 1.189732 -0.124504 -0.956484 0.2255 -0.110528 -0.029108 -0.019239 -0.030077 -0.009209 -0.082737 -0.023811 -0.010122 0.034436 0.037709 0.05047 -0.022355 -0.004745 0.082407 0.013311 0.007766 0.117265 0.097822 0.092447 0.049325 0.006974 0.040295 -0.016992 0.04313 0.039075 0.050118 0.366489 -0.353874 1.000983 1.644244;
133, -0.159208 0.776 -0.309658 -0.995704 -0.352066 -0.113388 -0.09747 -0.095989 -0.060887 0.032922 0.096284 0.120029 0.036904 -0.047527 -0.042373 0.028397 0.088611 0.107485 0.03281 0.044206 -0.025187 -0.004008 -0.017797 0.005589 0.024664 0.001398 0.002714 0.02173 -0.027348 0.030384 0.030634 0.364697 -0.358684 1.648032 0.546145;
134, -0.330496 1.040023 0.941202 -0.982181 -0.947832 -0.017985 -0.008107 -0.10769 -0.129459 -0.012993 0.058938 0.007543 -0.007201 -0.018308 -0.015387 0.004745 0.0174 0.050955 0.087752 0.025301 0.121119 0.012773 0.047535 0.044431 0.047599 0.047446 0.010062 0.022623 0.002957 -0.007627 0.079436 0.321014 -0.191477 0.493857 0.183308;
135, -0.245412 1.578046 0.01269 -0.9942 -0.615631 0.001445 0.031368 -0.063426 -0.045801 -0.007982 -0.017848 0.009182 -0.012572 -0.008253 -0.007955 -0.000371 -0.004997 -0.002014 0.157572 -0.005487 0.037503 0.024083 0.00705 0.008631 0.004168 -0.00756 -0.035973 -0.009578 -0.018509 -0.022626 -0.034424 0.284841 -0.268429 -0.303675 -0.162206;
136, -0.100117 0.646595 -0.245646 -1.128659 -0.716729 -0.001999 0.047537 -0.065178 -0.033624 -0.009251 -0.031794 -0.009879 -0.010347 -0.014336 -0.009369 -0.015822 -0.009731 -0.012404 0.048902 -0.00504 -0.01371 -0.00762 -0.01515 0.01962 0.003465 -0.019386 -0.0078 -0.02385 0.026599 -0.003061 -0.027689 0.324164 -0.277886 -0.556849 -0.714721;
137, -0.319928 0.987494 -0.434085 -0.709898 -0.131337 0.001335 0.051621 -0.005867 -0.029782 -0.038638 -0.073421 -0.060129 -0.034858 -0.034659 -0.003498 0.06185 0.082955 0.041364 0.091392 0.018269 0.012054 -0.0183 0.076528 0.113638 0.059756 0.031547 0.081666 0.019386 -0.01495 0.01518 0.004567 0.224915 -0.125162 -0.586313 -0.841252;
138, -0.402908 1.059422 0.080915 -0.513541 0.611703 0.037875 0.032004 -0.028825 -0.011283 -0.023459 -0.018023 -0.021397 -0.059708 -0.108016 -0.074671 -0.045145 -0.022122 0.018663 0.108689 0.059327 0.01251 -0.015547 -0.025736 -0.039166 -0.002755 -0.011644 -0.033993 -0.004063 -0.016615 -0.0197 0.013988 0.412559 -0.345481 -0.494187 -0.571962;
139, -0.296255 1.51856 -0.07154 -0.651097 0.5335 -0.010304 -0.029116 -0.051267 -0.028172 -0.098786 -0.066911 0.017897 -0.003125 -0.024095 -0.028279 -0.055131 -0.029657 0.015353 0.130984 0.076088 -0.009269 0.022338 0.073858 0.033337 0.001084 0.028576 0.017094 0.037544 0.04379 0.016984 0.013725 0.384329 -0.34367 -0.215323 0.061998;
140, -0.284154 1.333683 0.825242 -0.252501 1.177951 0.027472 0.003572 -0.05858 -0.030859 -0.02401 -0.036371 -0.015106 -0.009517 -0.008106 -0.00315 -0.08099 -0.08423 -0.025013 0.13991 0.049828 0.056441 0.044201 0.018213 -0.005186 -0.003087 -0.00635 -0.000866 0.032085 0.014604 0.003269 0.05304 0.385457 -0.343742 -0.313424 -0.160213;
141, -0.371737 1.034363 0.223585 0.043413 1.975073 -0.033721 0.006828 0.024913 0.031859 0.031372 -0.055822 -0.104388 -0.041617 -0.017024 -0.041049 -0.014026 0.005041 -0.000254 0.076271 0.039904 -0.002103 0.05674 0.079902 -0.027623 0.051802 0.010937 0.01121 -0.005789 -0.019242 -0.002877 0.080759 0.356286 -0.312228 -0.153279 0.453796;
142, -0.209191 0.941711 1.155393 0.214566 2.312132 -0.005534 -0.056129 -0.051546 0.025484 0.019012 0.010454 -0.007558 0.006314 0.045314 0.035826 -0.017995 -0.046953 0.02006 0.094832 0.051257 0.06049 0.041685 -0.019012 0.031098 -0.017364 -0.038281 -0.012088 -0.026779 -0.047604 -0.004051 -0.042496 0.296019 -0.284481 0.65162 1.153131;
143, -0.058142 0.041924 -0.134707 -0.493345 -0.380364 -0.132047 -0.095477 0.002655 0.076477 0.093889 0.039971 -0.104771 0.012797 0.113834 0.012179 -0.051181 -0.094435 0.025964 -0.051292 -0.049336 -0.051356 -0.031033 -0.046319 -0.02616 0.011642 -0.001182 0.022872 0.009855 0.025565 0.038738 0.003674 0.342538 -0.369879 3.448884 0.542629;
144, -0.011719 0.165871 0.026611 -0.223463 0.764401 -0.136462 -0.106386 -0.020229 0.020161 0.035922 -0.024436 -0.003118 0.042023 0.043409 0.02512 -0.017146 -0.020526 0.033143 -0.03512 0.022407 -0.038906 -0.018667 -0.025114 -0.006488 -0.031291 -0.018779 -0.010785 -0.017814 -0.0186 0.003696 -0.004193 0.339391 -0.349172 2.68858 1.831528;
145, -0.176798 -0.318244 0.587036 0.74803 -0.944319 -0.053341 -0.131319 0.034626 0.01878 0.052261 -0.009116 0.025339 0.006211 0.0332 -0.011758 0.063127 -0.003128 -0.076581 -0.04333 0.060577 0.001092 -0.006284 -0.045318 -0.0254 -0.001489 -0.05582 -0.04387 -0.032322 -0.015013 0.012914 -0.021345 0.274839 -0.260764 2.129823 2.130457;
146, -0.278441 -0.13811 1.045148 -0.873952 0.221347 -0.072877 -0.050026 -0.046738 0.025857 0.016692 -0.005772 0.014696 -0.008919 -0.030354 0.043253 0.064329 0.012955 -0.002822 0.050146 0.184982 0.102909 0.01462 0.092274 0.08561 0.054081 0.094826 0.116223 0.064485 0.119384 0.114222 0.098614 -0.134767 0.932818 1.328945 1.715368;
147, -0.116248 0.567969 0.893791 -1.150714 -1.034219 -0.063905 -0.059677 -0.060877 -0.018301 -0.007546 0.020404 0.011256 0.036623 0.049199 0.053916 0.067862 0.028995 0.015472 0.0116 0.022828 0.12285 0.051665 0.026727 0.037804 0.00989 0.057153 0.060278 -0.005007 0.075217 0.021634 0.001986 0.248389 -0.186891 0.786459 1.185748;
148, -0.157461 0.216086 0.744067 -0.710111 -0.729888 0.030864 -0.053416 -0.05463 -0.00454 -0.004931 0.006257 -0.006431 -0.015062 0.012503 0.016758 0.044763 0.079576 0.0017 -0.019653 0.028361 0.120352 -0.022892 0.022579 0.011242 -0.021432 -0.028058 -0.02942 -0.016383 -0.032205 -0.023577 -0.019033 0.234922 -0.17904 -0.093223 0.188234;
149, -0.146671 0.108521 0.682823 -0.890944 -0.641917 0.009751 0.06195 -0.063018 -0.081172 0.009313 0.011925 -0.065084 0.028317 0.0123 -0.01413 -0.024738 -0.051729 -0.007399 -0.031021 -0.003252 0.053156 0.071775 0.035585 0.005074 0.090191 0.022167 0.066561 0.061174 0.158383 -0.000753 -0.019214 0.291706 -0.242821 -0.458847 -0.563459;
150, 0.429966 0.626749 0.433878 -0.254045 -0.100806 0.028969 0.009637 -0.001374 -0.051548 -0.009732 -0.026266 -0.034686 -0.034908 -0.056609 -0.017217 -0.029003 -0.003898 0.011107 0.041967 -0.010146 0.076511 0.041123 -0.042842 0.008531 -0.02591 -0.009073 -0.052579 -0.024787 -0.04233 -0.059403 -0.040346 0.240512 -0.261183 -0.553012 -0.726033;
151, 0.111906 1.010108 0.480842 -0.742692 -0.06168 -0.004652 0.039241 -0.058957 -0.048366 0.061926 0.047263 0.039757 0.021962 0.049936 0.070831 0.037086 -0.004107 0.005226 0.105511 0.004692 0.084555 0.018844 0.052011 0.108531 0.052658 0.03837 -0.002493 -0.016773 0.005707 0.011008 -0.014278 0.082261 -0.061213 -0.409501 -0.375945;
152, -0.221714 0.826908 0.499443 -0.311218 0.320646 -0.020842 -0.044782 -0.067044 -0.058738 -0.012832 0.004198 0.027196 0.001001 -0.001545 0.005137 -0.015212 0.041527 0.046701 0.051192 0.039511 0.03119 0.037401 0.073936 0.080157 0.07218 0.085851 0.066181 0.034434 0.05979 0.069336 0.043269 0.317176 -0.281152 0.070738 0.194382;
153, -0.406419 0.986114 1.314017 -0.095974 0.732877 0.016017 -0.011516 -0.012943 -0.099817 -0.047562 -0.013131 0.024703 -0.003618 -0.10407 -0.057122 -0.062814 -0.004471 0.039339 0.066196 0.01952 0.110151 0.05682 0.051325 0.007865 0.017397 -0.024362 -0.021855 0.02786 0.024329 0.000789 -0.014347 0.406276 -0.356409 -0.120943 0.083075;
154, -0.152868 0.905145 2.039682 0.222769 1.111082 0.018172 -0.028623 -0.12274 -0.066488 -0.033789 -0.033889 0.035723 0.019525 -0.047899 -0.063717 -0.056295 -0.01672 -0.005285 0.079284 0.060928 0.133283 0.07388 0.036319 0.050257 0.087583 0.081026 0.069447 0.086954 0.034623 0.039263 0.083218 0.410339 -0.358087 0.44295 0.387741;
155, -0.161294 0.473509 1.184536 0.096988 1.062222 -0.042909 -0.067079 -0.021059 -0.054883 -0.039499 -0.047455 0.004821 0.025484 -0.028894 0.029142 -0.027015 -0.038323 -0.031133 0.00312 0.055207 0.086668 0.073949 0.068996 0.086687 0.067121 0.064812 0.041087 0.048066 0.050646 0.0482 0.056664 0.345891 -0.289852 0.531993 0.961017;
156, -0.218136 0.055108 -0.030557 -0.326617 -0.049452 -0.139678 -0.106138 0.097303 0.026368 0.006857 -0.011061 0.047034 0.055376 -0.041199 -0.017998 0.052389 -0.019854 -0.019123 -0.048799 -0.034805 -0.034984 -0.009203 -0.006659 -0.018706 0.001646 0.00957 0.008739 0.026141 0.026561 0.019642 0.002944 0.285707 -0.280323 4.767193 2.458569;
157, -0.063311 0.440594 1.364633 0.084905 -0.227574 -0.241296 -0.092339 -0.018109 -0.013172 0.023368 -0.018809 -0.007847 0.022046 0.023958 0.059176 -0.021055 -0.024219 -0.000281 0.010317 0.047324 0.105467 0.043195 0.062045 0.078563 0.09159 0.123512 0.105182 0.129921 0.121326 0.046616 0.152089 0.348919 -0.19305 3.61652 1.7338;
158, -0.247608 0.705735 1.711184 -0.609347 0.079521 -0.07993 -0.136421 -0.014793 0.043325 0.025569 -0.011161 -0.021792 0.049021 0.000949 -0.06361 -0.095947 0.013139 0.109295 0.027827 0.091151 0.191489 0.011623 0.074779 0.002909 0.039197 -0.005777 0.011511 0.018636 0.048571 -0.005137 0.035519 0.308494 -0.237798 2.536802 1.595381;
159, -0.205753 0.567723 1.902986 -0.023764 0.145352 -0.047107 -0.09356 -0.033943 -0.014605 -0.031758 -0.042513 -0.026059 0.013519 0.021846 0.035659 0.007288 -0.036097 -0.018108 0.037732 0.042018 0.157928 0.034955 0.051857 0.019561 0.032337 0.057681 0.049866 0.038528 0.061373 0.059342 0.025567 0.38282 -0.335611 1.016447 1.381288;
160, -0.148042 0.572264 1.325535 -0.097563 -0.541978 -0.012765 -0.047352 -0.110641 -0.068964 0.020502 0.082634 0.052601 0.010106 0.014857 0.046928 -0.009593 -0.084766 -0.074173 0.065937 0.072148 0.096297 0.043358 0.003308 0.022461 0.01412 0.050204 0.051086 0.099533 0.073717 0.104151 0.133034 0.284744 -0.015181 0.984844 0.270042;
161, -0.027841 -0.369831 1.422167 -0.7566 -0.994207 0.006273 0.014856 0.026906 0.058229 0.00297 0.003409 -0.047844 -0.067666 -0.051381 -0.026192 -0.005094 0.053956 0.050571 0.00685 0.036498 0.150452 0.039986 -0.012625 0.052381 0.03625 0.024167 0.110342 0.135753 0.09893 0.061147 0.050507 -0.040654 0.403466 -0.198368 0.21177;
162, -0.244074 -0.113781 1.177529 -0.006603 -0.77587 0.066516 0.007489 -0.061795 -0.053151 -0.056066 0.004144 0.035752 -0.045595 -0.022401 -0.042113 -0.00525 0.012194 -0.026259 -0.052791 0.004119 0.095805 0.022522 -0.022889 -0.003879 0.01205 0.022401 0.014172 0.010737 0.048075 0.023381 0.028636 0.339915 -0.294233 -0.296276 -0.314784;
163, -0.331405 -0.128053 0.727509 -0.497291 -0.565769 0.060056 -0.010015 -0.03728 -0.002377 -0.014011 0.010325 0.034573 0.047184 0.078083 0.022636 -0.049176 0.023672 0.003302 -0.050662 0.024692 0.073467 0.025793 -0.023144 -0.009153 0.019391 0.016432 0.022156 -0.037313 -0.006059 -0.020057 -0.023473 0.152081 -0.19796 -0.477941 -0.583431;
164, -0.265592 0.249457 0.772355 -0.249145 0.320516 0.042672 0.020662 -0.038445 -0.025755 0.02524 0.014123 0.009258 -0.001207 -0.012621 0.022741 0.051046 0.03382 0.025911 0.01928 -0.006915 0.102184 0.024949 -0.001038 -0.003123 -0.026955 -0.024738 -0.034053 -0.00977 -0.007215 -0.002089 -0.019781 0.099064 -0.08278 -0.531352 -0.572615;
165, -0.324933 0.249236 0.77873 -0.732109 0.286008 -0.019227 0.047397 -0.030624 -0.040746 -0.048547 -0.021051 0.012632 -0.019121 0.060702 0.056427 0.05181 0.077425 0.013622 0.08983 0.071435 0.128824 0.087376 0.19985 0.109415 0.102706 0.168445 0.223717 0.12414 0.112855 0.069501 0.093116 -0.201369 0.942295 -0.358771 -0.269562;
166, 0.506073 0.502231 2.017306 -0.140074 0.32846 0.042919 -0.059915 -0.067665 -0.026357 -0.02264 -0.003891 -0.007615 0.011835 0.023866 0.018731 0.015716 0.014357 -0.030333 0.014978 0.020137 0.239787 0.000222 0.042842 0.084141 0.024264 -0.004094 -0.012134 -0.037885 -0.014755 -0.014612 -0.01838 0.219018 -0.213886 -0.203223 -0.125416;
167, -0.172035 0.500379 3.582681 -0.259997 0.54089 -0.000694 -0.051062 -0.116167 -0.086645 -0.057495 -0.076001 -0.10205 -0.057537 -0.003147 -0.006104 -0.063438 0.016107 0.001563 0.006239 0.069425 0.295987 0.026338 0.057191 0.050212 0.016946 0.050962 0.024734 0.074076 0.140457 0.050127 0.047398 0.414831 -0.351044 0.213502 0.239075;
168, -0.170953 0.004638 1.772908 0.97163 0.744532 0.022069 -0.098439 -0.070682 -0.045802 -0.04288 0.014042 -0.009394 -0.045549 -0.022516 0.01391 -0.023434 -0.053607 -0.015878 -0.033199 -0.03239 0.101713 -0.002678 -0.000363 0.00531 0.022369 0.038066 0.057024 0.049575 0.041734 0.007814 0.009157 0.385268 -0.363418 0.484785 0.367287;
